 A =   3.00000000    
 B =   4.00000000    
 C =   5.00000000    
 A*A + B*B - C*C =   0.00000000    

